
A = [-1 -1; -1 1; 1 -1; 2 1];
b = [1/2; 2; 2; 4];
c = [-2; -1];
